100
12,25,43,45,67     
0,1,4,44,68
5,99 
86,3,72,61,60,14    
75,68,7,
11,12,16,77    
35,    
2,8,57,0,25,38   
81,85,23,16,24,14,5,94,8   
58,30,49,17,
12,48,5,68,80,85
59,62
61,42,2,36,32
68,72,15,40,9,61,44
87,95,0,25,23,57
89,13,60,19,99,77,1          
39,30,2,38,21,46,52,48
33,94,95,43,6,22,67
21,20,46,70,21,35,
51,49,82,77,9,38,27
1,42,78,16,84,47,73,6,3
35,81,88,66,34,79,27,64,2    
34
56,8,25,65,93

17,18,36,59,
95,38,76,7
25,23,55,42,6,93,90,4
77,85,48,0,56,44,76,61,45,
39,44,97,13
36,10
12,92,77,7,68,69
54,41,88
52,51,77,14,9,92,65,66
19,23,47,49,69     
0,99,3,40,60,81,93,2 
18,89,64  
8,7,72,62,65,13    
75,
64,78,41,15,19    
33,63,43,25,35,31,44   
1,2,55,0,95,34   
81,89,24,17,25,13,3,97,6   
59,33,44,18,52,63
11,4,52,
66,8,84
67,77,11,48
91,6,4
84,91,99,22,25,55
88,14,63,0,99,98,1          
9,3,24,33,22,86,57,38
33,92,5,44,62,23,7
21,29,40,70,22,32,
52,0,83,71,92,34,27
12,45,73,17,94,44,72,63,2
35,85,88,68,33,78,22,64,3    
34,57,82,2,5,96
12,10,38,56,97,35,7,72,77,90
25,13,55,9,8,92,90,42
71,85,45,98
51,45,78,65,44,
37
49,97,16,39,12
19,9
77,72,64,69
5,42,87
14,80,63
50,53,70,14,9
93,66,6
89,90,93 
76,78,3,85,89,91,28,0
26,33,31,24,35
99,54,58,83,89,96
30,54,26,60,56,14
38
34,90,12,51
8,97,73
74,73,82,66,21,41
15,26,80,82
3
17,14,20,16,51,28,46,79,37
84,9,21,4
35,92,92,82,50
94,86,82,45,31,47,17,40
52,53,93,56,18,19
90,34,32,5,17,59
29,39
30,82,49,73
87,68,60,50,55
17,71,52,51,69,57,31
40,34,1,93,73,61,74,68
54,64
20,55,96
53,54,72,78,11
4,30,23,42,89,8,48,27,78,9
51,14,65,42,90
88,17,80
83,98,81,48
46,81
59,3,97,60,33,7,82,66











